162,160
165,161
165,163
165,163
166,166
166,166
166,166
166,168
166,168
166,177
166,177
166,177
166,177
166,177
166,177
166,178
166,178
169,178
169,178
169,178
175,178
175,178
176,178
176,178
176,178
176,178
176,178
176,178
176,178
176,178
176,178
176,178
176,178
176,178
176,178
176,178
176,178
176,178
177,178
177,178
177,178
177,178
177,178
178,178
178,178
178,178
178,178
178,178
178,178
178,178
178,178
178,178
178,178
178,178
178,178
178,178
178,178
178,178
179,178
179,178
179,178
179,178
179,178
179,178
179,178
179,178
179,178
179,178
179,178
179,178
179,178
181,178
