4319,2155,2799
4322,2161,5550
4325,2167,8320
4326,2168,11112
4326,2168,13911
4326,2168,16728
4326,2168,19545
4326,2168,22352
4326,2168,25170
4326,2168,27962
4326,2168,30750
4326,2168,33550
4327,2170,36356
4327,2170,39170
4327,2170,41967
4327,2170,44769
4327,2170,47568
4327,2170,50363
4327,2170,53153
4327,2170,55947
4327,2170,58735
4327,2170,61504
4327,2170,64299
4327,2170,67084
4327,2170,69874
4327,2170,72674
4327,2170,75476
4327,2170,78253
4327,2170,81022
4327,2170,83835
4327,2170,86648
4327,2170,89451
4327,2170,92229
4327,2170,95020
4327,2170,97829
4327,2170,100611
4327,2170,103388
4327,2170,106199
4327,2170,109001
4327,2170,111764
4327,2170,114575
4327,2170,117380
4327,2170,120170
4327,2170,122971
4327,2170,125389
4327,2170,126408
4327,2172,127698
4327,2172,129537
4327,2172,132088
4327,2172,134855
4327,2172,137634
4327,2172,140413
4328,2173,143183
4328,2173,145955
4328,2173,148278
4328,2173,150587
4328,2173,152789
4328,2173,154924
4328,2173,157270
4328,2173,159341
4328,2173,161464
4328,2173,163641
4328,2173,165645
4328,2173,167696
4328,2173,169804
4328,2173,171760
4328,2173,173792
4328,2173,175815
4328,2173,177880
4330,2175,179958
4330,2175,182058
4330,2175,184259
