4319,2155,2799
4316,2158,5550
4319,2157,8320
4316,2159,11112
4316,2156,13911
4321,2161,16728
4317,2159,19545
4319,2159,22352
4316,2154,25170
4321,2159,27962
4320,2159,30750
4321,2158,33550
4321,2164,36356
4322,2163,39170
4319,2158,41967
4315,2154,44769
4321,2161,47568
4320,2158,50363
4309,2153,53153
4307,2153,55947
4322,2160,58735
4311,2154,61504
4321,2158,64299
4322,2160,67084
4322,2160,69874
4320,2162,72674
4313,2156,75476
4317,2159,78253
4319,2158,81022
4320,2157,83835
4317,2157,86648
4319,2161,89451
4309,2153,92229
4320,2158,95020
4317,2158,97829
4321,2158,100611
4319,2157,103388
4320,2160,106199
4310,2153,109001
4307,2151,111764
4314,2157,114575
4314,2155,117380
4323,2162,120170
4320,2159,122971
4322,2161,125389
4317,2153,126408
4299,2148,127698
4319,2159,129537
4307,2154,132088
4323,2160,134855
4321,2161,137634
4312,2156,140413
4321,2160,143183
4319,2158,145955
4313,2156,148278
4308,2153,150587
4317,2160,152789
4320,2156,154924
4320,2159,157270
4311,2154,159341
4315,2153,161464
4315,2154,163641
4321,2161,165645
4310,2152,167696
4324,2159,169804
4312,2153,171760
4319,2159,173792
4319,2157,175815
4306,2150,177880
4318,2158,179958
4312,2157,182058
4322,2163,184259
