4322,2165,2854
4327,2168,5852
4319,2160,8865
4307,2150,11856
4319,2159,14860
4319,2162,17829
4317,2160,20855
4321,2161,23886
4320,2162,26891
4319,2157,29929
4322,2163,32933
4317,2158,35947
4318,2161,39025
4322,2163,42049
4314,2157,45073
4329,2167,48116
4319,2160,51149
4324,2160,54171
4320,2160,57219
4317,2159,60256
4499,2257,63300
4315,2158,66330
4520,2260,69304
4320,2161,72288
4323,2161,75352
4325,2165,78393
4325,2165,81459
4317,2158,84507
4326,2164,87552
4495,2245,90600
4322,2159,93613
4315,2160,96649
4321,2162,99667
4316,2158,102729
4322,2163,105773
4319,2162,108801
4317,2159,111860
4324,2166,114898
4326,2163,117973
4520,2263,120966
4318,2156,124001
4315,2155,127060
4522,2266,130135
4582,2300,133203
4319,2158,136277
4319,2160,139381
4320,2160,142498
4324,2161,145637
4326,2167,148734
4324,2164,151860
4574,2293,154952
4327,2167,158079
4327,2167,161231
4334,2175,164357
4323,2166,167493
4523,2262,170620
4314,2156,173749
4318,2158,176880
4523,2257,179969
4319,2163,183078
4328,2168,186217
4325,2165,189339
4321,2163,192508
4325,2166,195594
4308,2152,198729
4324,2164,201847
4334,2179,204976
4322,2167,208128
4324,2167,211254
4327,2167,214403
4313,2159,217561
4523,2268,220633
