4322,2165,2854
4334,2178,5852
4335,2179,8865
4335,2179,11856
4335,2180,14860
4337,2182,17829
4337,2182,20855
4339,2183,23886
4339,2183,26891
4339,2183,29929
4341,2185,32933
4341,2185,35947
4341,2185,39025
4341,2185,42049
4341,2185,45073
4342,2186,48116
4342,2186,51149
4342,2186,54171
4342,2186,57219
4342,2186,60256
4518,2281,63300
4518,2281,66330
4542,2295,69304
4542,2295,72288
4542,2295,75352
4542,2295,78393
4542,2295,81459
4542,2295,84507
4542,2295,87552
4542,2295,90600
4542,2295,93613
4542,2295,96649
4542,2295,99667
4542,2295,102729
4542,2295,105773
4542,2295,108801
4542,2295,111860
4542,2295,114898
4542,2295,117973
4543,2299,120966
4543,2299,124001
4543,2299,127060
4543,2299,130135
4603,2333,133203
4603,2333,136277
4603,2333,139381
4603,2333,142498
4603,2333,145637
4603,2333,148734
4603,2333,151860
4611,2338,154952
4611,2338,158079
4611,2338,161231
4618,2345,164357
4618,2345,167493
4618,2345,170620
4618,2345,173749
4618,2345,176880
4618,2345,179969
4618,2345,183078
4618,2345,186217
4618,2345,189339
4618,2345,192508
4618,2345,195594
4618,2345,198729
4618,2345,201847
4618,2345,204976
4618,2345,208128
4618,2345,211254
4618,2345,214403
4618,2345,217561
4621,2350,220633
