0;-1,-1;-1,-1
1;-1,-1;-1,-1
2;-1,-1;-1,-1
3;0,-1;0,-1
4;1,108801;1,100611
5;0,-1;0,-1
6;1,108802;1,100611
7;-1,-1;-1,-1
8;1,108803;1,100613
9;-1,-1;-1,-1
10;0,-1;0,-1
11;1,108801;1,100611
12;-1,-1;-1,-1
13;1,108801;1,100611
14;0,-1;0,-1
15;1,108802;1,100611
16;0,-1;0,-1
17;1,108801;1,100611
18;0,-1;0,-1
19;0,-1;0,-1
20;0,-1;0,-1
21;0,-1;0,-1
22;0,-1;0,-1
23;1,108801;1,100611
24;0,-1;0,-1
25;0,-1;0,-1
26;0,-1;0,-1
27;1,108801;1,100611
28;-1,-1;-1,-1
29;-1,-1;-1,-1
30;1,108801;1,100611
31;-1,-1;-1,-1
32;0,-1;0,-1
33;0,-1;0,-1
34;0,-1;0,-1
35;0,-1;0,-1
36;0,-1;0,-1
37;0,-1;0,-1
38;0,-1;0,-1
39;0,-1;0,-1
40;-1,-1;-1,-1
41;-1,-1;-1,-1
42;0,-1;0,-1
43;-1,-1;-1,-1
44;0,-1;0,-1
45;0,-1;0,-1
46;0,-1;0,-1
47;1,109122;0,-1
48;-1,-1;-1,-1
49;0,-1;0,-1
50;0,-1;0,-1
51;1,108803;1,100611
52;0,-1;0,-1
53;0,-1;0,-1
54;0,-1;0,-1
55;0,-1;0,-1
56;0,-1;0,-1
57;1,108922;1,100945
58;0,-1;0,-1
59;1,108802;1,100613
60;-1,-1;-1,-1
61;0,-1;0,-1
62;0,-1;0,-1
63;0,-1;0,-1
64;1,108801;1,100611
65;0,-1;0,-1
66;-1,-1;-1,-1
67;0,-1;0,-1
68;0,-1;0,-1
69;0,-1;0,-1
70;0,-1;0,-1
71;0,-1;0,-1
72;1,108801;1,100611
73;0,-1;0,-1
74;0,-1;0,-1
75;0,-1;0,-1
76;-1,-1;-1,-1
77;1,108801;1,100611
78;0,-1;0,-1
79;0,-1;0,-1
80;-1,-1;-1,-1
81;0,-1;0,-1
82;0,-1;0,-1
83;-1,-1;-1,-1
84;0,-1;0,-1
85;0,-1;0,-1
86;0,-1;0,-1
87;-1,-1;-1,-1
88;0,-1;0,-1
89;0,-1;0,-1
90;0,-1;0,-1
91;1,108801;1,100611
92;1,108801;1,100611
93;0,-1;0,-1
94;0,-1;0,-1
95;-1,-1;-1,-1
96;0,-1;0,-1
97;0,-1;0,-1
98;0,-1;0,-1
99;0,-1;0,-1
100;0,-1;0,-1
101;0,-1;0,-1
102;0,-1;0,-1
103;0,-1;0,-1
104;0,-1;0,-1
105;-1,-1;-1,-1
106;0,-1;0,-1
107;0,-1;0,-1
108;1,108802;1,100611
109;0,-1;0,-1
110;0,-1;0,-1
111;0,-1;0,-1
112;1,108802;1,100611
113;0,-1;0,-1
114;-1,-1;-1,-1
115;1,108801;1,100611
116;0,-1;0,-1
117;0,-1;0,-1
118;0,-1;0,-1
119;0,-1;0,-1
120;0,-1;0,-1
121;0,-1;0,-1
122;1,108801;1,100611
123;0,-1;0,-1
124;0,-1;0,-1
125;0,-1;0,-1
126;0,-1;0,-1
127;1,108802;1,100611
128;0,-1;0,-1
129;0,-1;0,-1
130;0,-1;0,-1
131;0,-1;0,-1
132;0,-1;0,-1
133;0,-1;0,-1
134;0,-1;0,-1
135;0,-1;0,-1
136;0,-1;0,-1
137;0,-1;0,-1
138;0,-1;0,-1
139;1,108812;1,100611
140;0,-1;0,-1
141;-1,-1;-1,-1
142;0,-1;0,-1
143;1,108801;1,100611
144;0,-1;0,-1
145;1,108802;1,100611
146;0,-1;0,-1
147;0,-1;0,-1
148;-1,-1;-1,-1
149;0,-1;0,-1
150;0,-1;0,-1
151;0,-1;0,-1
152;0,-1;0,-1
153;1,108801;1,100611
154;0,-1;0,-1
155;0,-1;0,-1
156;0,-1;0,-1
157;0,-1;0,-1
158;-1,-1;-1,-1
159;0,-1;0,-1
160;1,108801;1,100611
161;0,-1;0,-1
162;-1,-1;-1,-1
163;1,108801;1,100611
164;1,108801;1,100611
165;0,-1;0,-1
166;0,-1;0,-1
167;0,-1;0,-1
168;0,-1;0,-1
169;0,-1;0,-1
170;0,-1;0,-1
171;0,-1;0,-1
172;0,-1;0,-1
173;0,-1;0,-1
174;0,-1;0,-1
175;0,-1;0,-1
176;0,-1;0,-1
177;0,-1;0,-1
178;0,-1;0,-1
179;0,-1;0,-1
180;1,108802;1,100611
181;0,-1;0,-1
182;-1,-1;-1,-1
183;0,-1;0,-1
184;1,108801;1,100616
185;1,108810;1,100611
186;0,-1;0,-1
187;0,-1;0,-1
188;0,-1;0,-1
189;0,-1;0,-1
190;0,-1;0,-1
191;0,-1;0,-1
192;1,108801;1,100611
193;0,-1;0,-1
194;0,-1;0,-1
195;0,-1;0,-1
196;0,-1;0,-1
197;0,-1;0,-1
198;0,-1;0,-1
199;0,-1;0,-1
200;0,-1;0,-1
201;1,108802;1,100611
202;0,-1;0,-1
203;-1,-1;-1,-1
204;0,-1;0,-1
205;1,108844;1,100644
206;0,-1;0,-1
207;0,-1;0,-1
208;0,-1;0,-1
209;1,108803;1,100611
210;0,-1;0,-1
211;0,-1;0,-1
212;0,-1;0,-1
213;0,-1;0,-1
214;0,-1;0,-1
215;0,-1;0,-1
216;0,-1;0,-1
217;0,-1;0,-1
218;0,-1;0,-1
219;0,-1;0,-1
220;0,-1;0,-1
221;0,-1;0,-1
222;0,-1;0,-1
223;0,-1;0,-1
224;-1,-1;-1,-1
225;0,-1;0,-1
226;0,-1;0,-1
227;0,-1;0,-1
228;0,-1;0,-1
229;0,-1;0,-1
230;0,-1;0,-1
231;1,108801;1,100611
232;1,108801;1,100611
233;1,108802;1,100611
234;0,-1;0,-1
235;0,-1;0,-1
236;0,-1;0,-1
237;0,-1;0,-1
238;-1,-1;-1,-1
239;0,-1;0,-1
240;0,-1;0,-1
241;1,108802;1,100611
242;0,-1;0,-1
243;0,-1;0,-1
244;-1,-1;-1,-1
245;0,-1;0,-1
246;-1,-1;-1,-1
247;0,-1;0,-1
248;0,-1;0,-1
249;0,-1;0,-1
250;0,-1;0,-1
251;0,-1;0,-1
252;0,-1;0,-1
253;1,108801;1,100611
254;1,108801;1,100611
255;1,108801;1,100611
256;0,-1;0,-1
257;0,-1;0,-1
258;0,-1;0,-1
259;-1,-1;-1,-1
260;0,-1;0,-1
261;0,-1;0,-1
262;0,-1;0,-1
263;0,-1;0,-1
264;-1,-1;-1,-1
265;0,-1;0,-1
266;-1,-1;-1,-1
267;1,108801;1,100611
268;0,-1;0,-1
269;1,108889;1,100662
270;0,-1;0,-1
271;-1,-1;-1,-1
272;1,108802;1,100611
273;0,-1;0,-1
274;0,-1;0,-1
275;0,-1;0,-1
276;1,108802;1,100611
277;-1,-1;-1,-1
278;0,-1;0,-1
279;1,108802;1,100611
280;0,-1;0,-1
281;1,108801;1,100611
282;-1,-1;-1,-1
283;0,-1;0,-1
284;0,-1;0,-1
285;-1,-1;-1,-1
286;0,-1;0,-1
287;0,-1;0,-1
288;1,108801;1,100611
289;0,-1;0,-1
290;0,-1;0,-1
291;0,-1;0,-1
292;0,-1;0,-1
293;1,108801;1,100611
294;0,-1;0,-1
295;0,-1;0,-1
296;0,-1;0,-1
297;0,-1;0,-1
298;-1,-1;-1,-1
299;1,108802;1,100611
300;-1,-1;-1,-1
301;0,-1;0,-1
302;1,108802;1,100611
303;-1,-1;-1,-1
304;-1,-1;-1,-1
305;0,-1;0,-1
306;0,-1;0,-1
307;0,-1;0,-1
308;0,-1;0,-1
309;0,-1;0,-1
310;1,108819;1,100611
311;1,108801;1,100611
312;0,-1;0,-1
313;0,-1;0,-1
314;0,-1;0,-1
315;-1,-1;-1,-1
316;-1,-1;-1,-1
317;0,-1;0,-1
318;0,-1;0,-1
319;-1,-1;-1,-1
320;0,-1;0,-1
321;0,-1;0,-1
322;0,-1;0,-1
323;0,-1;0,-1
324;0,-1;0,-1
325;0,-1;0,-1
326;0,-1;0,-1
327;0,-1;0,-1
328;0,-1;0,-1
329;0,-1;0,-1
330;0,-1;0,-1
331;1,108801;1,100611
332;0,-1;0,-1
333;0,-1;0,-1
334;0,-1;0,-1
335;0,-1;0,-1
336;0,-1;0,-1
337;1,108802;1,100611
338;1,108801;1,100611
339;0,-1;0,-1
340;0,-1;0,-1
341;-1,-1;-1,-1
342;-1,-1;-1,-1
343;1,108801;1,100611
344;0,-1;0,-1
345;0,-1;0,-1
346;0,-1;0,-1
347;0,-1;0,-1
348;1,111178;1,100655
349;1,108802;1,100611
350;0,-1;0,-1
351;0,-1;0,-1
352;0,-1;0,-1
353;0,-1;0,-1
354;0,-1;0,-1
355;0,-1;0,-1
356;0,-1;0,-1
357;-1,-1;-1,-1
358;0,-1;0,-1
359;0,-1;0,-1
360;0,-1;0,-1
361;0,-1;0,-1
362;0,-1;0,-1
363;-1,-1;-1,-1
364;0,-1;0,-1
365;0,-1;1,100655
366;0,-1;0,-1
367;1,108801;1,100611
368;1,108801;1,100611
369;0,-1;0,-1
370;-1,-1;-1,-1
371;0,-1;0,-1
372;0,-1;0,-1
373;0,-1;0,-1
374;0,-1;0,-1
375;0,-1;0,-1
376;0,-1;0,-1
377;0,-1;0,-1
378;0,-1;0,-1
379;0,-1;0,-1
380;-1,-1;-1,-1
381;0,-1;0,-1
382;0,-1;0,-1
383;0,-1;0,-1
384;0,-1;0,-1
385;0,-1;0,-1
386;0,-1;0,-1
387;1,108801;1,100611
388;0,-1;0,-1
389;0,-1;0,-1
390;0,-1;0,-1
391;-1,-1;-1,-1
392;0,-1;0,-1
393;0,-1;0,-1
394;0,-1;0,-1
395;0,-1;0,-1
396;0,-1;0,-1
397;0,-1;0,-1
398;0,-1;0,-1
399;0,-1;0,-1
400;0,-1;0,-1
401;0,-1;0,-1
402;0,-1;0,-1
403;-1,-1;-1,-1
404;0,-1;0,-1
405;0,-1;0,-1
406;1,108801;1,100611
407;0,-1;0,-1
408;0,-1;0,-1
409;0,-1;0,-1
410;0,-1;0,-1
411;-1,-1;-1,-1
412;1,108839;0,-1
413;0,-1;0,-1
414;-1,-1;-1,-1
415;1,108801;1,100611
416;0,-1;0,-1
417;0,-1;0,-1
418;0,-1;0,-1
419;0,-1;0,-1
420;1,108801;1,100611
421;0,-1;0,-1
422;0,-1;0,-1
423;0,-1;0,-1
424;1,108841;1,100613
425;-1,-1;-1,-1
426;0,-1;0,-1
427;0,-1;0,-1
428;1,108801;1,100611
429;0,-1;0,-1
430;0,-1;0,-1
431;1,108801;1,100611
432;0,-1;0,-1
433;1,108801;1,100611
434;-1,-1;-1,-1
435;0,-1;0,-1
436;1,108801;1,100611
437;0,-1;0,-1
438;0,-1;0,-1
439;0,-1;0,-1
440;0,-1;0,-1
441;-1,-1;-1,-1
442;-1,-1;-1,-1
443;0,-1;0,-1
444;0,-1;0,-1
445;0,-1;0,-1
446;1,108801;1,100611
447;0,-1;0,-1
448;1,108801;1,100611
449;0,-1;0,-1
450;-1,-1;-1,-1
451;0,-1;0,-1
452;0,-1;0,-1
453;0,-1;0,-1
454;1,108802;1,100611
455;0,-1;0,-1
456;0,-1;0,-1
457;0,-1;0,-1
458;-1,-1;-1,-1
459;0,-1;0,-1
460;0,-1;0,-1
461;-1,-1;-1,-1
462;0,-1;0,-1
463;0,-1;0,-1
464;0,-1;0,-1
465;0,-1;0,-1
466;0,-1;0,-1
467;0,-1;0,-1
468;0,-1;0,-1
469;0,-1;0,-1
470;0,-1;0,-1
471;0,-1;0,-1
472;0,-1;0,-1
473;0,-1;0,-1
474;0,-1;0,-1
475;0,-1;0,-1
476;0,-1;0,-1
477;-1,-1;-1,-1
478;0,-1;0,-1
479;0,-1;0,-1
480;1,108810;1,100611
481;0,-1;0,-1
482;0,-1;0,-1
483;0,-1;0,-1
484;0,-1;0,-1
485;0,-1;0,-1
486;0,-1;0,-1
487;1,108801;1,100611
488;0,-1;0,-1
489;-1,-1;-1,-1
490;0,-1;0,-1
491;0,-1;0,-1
492;1,108801;1,100611
493;0,-1;0,-1
494;0,-1;0,-1
495;0,-1;0,-1
496;1,108805;1,100611
497;1,108801;1,100611
498;-1,-1;-1,-1
499;0,-1;0,-1
500;0,-1;0,-1
501;0,-1;0,-1
502;0,-1;0,-1
503;-1,-1;-1,-1
504;0,-1;0,-1
505;0,-1;0,-1
506;0,-1;0,-1
507;1,108801;1,100611
508;0,-1;0,-1
509;0,-1;0,-1
510;0,-1;0,-1
511;0,-1;0,-1
512;0,-1;0,-1
513;0,-1;0,-1
514;0,-1;0,-1
515;0,-1;0,-1
516;0,-1;0,-1
517;-1,-1;-1,-1
518;0,-1;0,-1
519;0,-1;0,-1
520;0,-1;0,-1
521;0,-1;0,-1
522;1,108802;1,100612
523;1,108801;1,100611
524;0,-1;0,-1
525;0,-1;0,-1
526;1,108811;1,100633
527;0,-1;0,-1
528;-1,-1;-1,-1
529;0,-1;0,-1
530;0,-1;0,-1
531;0,-1;0,-1
532;0,-1;0,-1
533;0,-1;0,-1
534;1,108889;1,100662
535;-1,-1;-1,-1
536;0,-1;0,-1
537;-1,-1;-1,-1
538;0,-1;0,-1
539;1,108801;1,100611
540;0,-1;0,-1
541;1,108801;1,100611
542;1,108801;1,100611
543;0,-1;0,-1
544;0,-1;0,-1
545;0,-1;0,-1
546;1,108803;1,100611
547;-1,-1;-1,-1
548;-1,-1;-1,-1
549;1,108812;1,100611
550;0,-1;0,-1
551;1,108802;1,100611
552;-1,-1;-1,-1
553;0,-1;0,-1
554;-1,-1;-1,-1
555;0,-1;0,-1
556;0,-1;0,-1
557;0,-1;0,-1
558;0,-1;0,-1
559;0,-1;0,-1
560;0,-1;0,-1
561;0,-1;0,-1
562;0,-1;0,-1
563;0,-1;0,-1
564;0,-1;0,-1
565;0,-1;0,-1
566;0,-1;0,-1
567;0,-1;0,-1
568;-1,-1;-1,-1
569;0,-1;0,-1
570;0,-1;0,-1
571;-1,-1;-1,-1
572;0,-1;0,-1
573;0,-1;0,-1
574;0,-1;0,-1
575;0,-1;0,-1
576;0,-1;0,-1
577;-1,-1;-1,-1
578;1,108802;1,100611
579;0,-1;0,-1
580;0,-1;0,-1
581;0,-1;0,-1
582;-1,-1;-1,-1
583;0,-1;0,-1
584;1,108808;1,100611
585;-1,-1;-1,-1
586;0,-1;0,-1
587;0,-1;0,-1
588;0,-1;0,-1
589;0,-1;0,-1
590;0,-1;0,-1
591;1,108802;1,100611
592;0,-1;0,-1
593;0,-1;0,-1
594;0,-1;0,-1
595;0,-1;0,-1
596;1,108801;1,100611
597;0,-1;0,-1
598;1,108801;1,100611
599;0,-1;0,-1
600;0,-1;0,-1
601;0,-1;0,-1
602;0,-1;0,-1
603;0,-1;0,-1
604;-1,-1;-1,-1
605;0,-1;0,-1
606;0,-1;0,-1
607;0,-1;0,-1
608;-1,-1;-1,-1
609;0,-1;0,-1
610;0,-1;0,-1
611;0,-1;0,-1
612;1,108801;1,100611
613;0,-1;0,-1
614;1,108801;1,100611
615;0,-1;0,-1
616;0,-1;0,-1
617;-1,-1;-1,-1
618;0,-1;0,-1
619;0,-1;0,-1
620;0,-1;0,-1
621;-1,-1;-1,-1
622;-1,-1;-1,-1
623;1,108801;1,100611
624;0,-1;0,-1
625;0,-1;0,-1
626;0,-1;0,-1
627;0,-1;0,-1
628;0,-1;0,-1
629;0,-1;0,-1
630;-1,-1;-1,-1
631;0,-1;0,-1
632;0,-1;0,-1
633;0,-1;0,-1
634;1,108803;1,100611
635;1,108802;1,100611
636;0,-1;0,-1
637;0,-1;0,-1
638;0,-1;0,-1
639;0,-1;0,-1
640;0,-1;0,-1
641;0,-1;0,-1
642;0,-1;0,-1
643;0,-1;0,-1
644;0,-1;0,-1
645;0,-1;0,-1
646;-1,-1;-1,-1
647;1,108801;1,100611
648;0,-1;0,-1
649;0,-1;0,-1
650;0,-1;0,-1
651;0,-1;0,-1
652;0,-1;0,-1
653;0,-1;0,-1
654;0,-1;0,-1
655;0,-1;0,-1
656;0,-1;0,-1
657;0,-1;0,-1
658;0,-1;0,-1
659;0,-1;0,-1
660;0,-1;0,-1
661;0,-1;0,-1
662;0,-1;0,-1
663;0,-1;0,-1
664;1,108801;1,100611
665;0,-1;0,-1
666;0,-1;0,-1
667;0,-1;0,-1
668;0,-1;0,-1
669;0,-1;0,-1
670;0,-1;0,-1
671;0,-1;0,-1
672;1,108802;1,100611
673;-1,-1;-1,-1
674;1,108802;1,100611
675;0,-1;0,-1
676;1,108801;1,100611
677;0,-1;0,-1
678;0,-1;0,-1
679;0,-1;0,-1
680;0,-1;0,-1
681;0,-1;0,-1
682;0,-1;0,-1
683;0,-1;0,-1
684;0,-1;0,-1
685;0,-1;0,-1
686;0,-1;0,-1
687;0,-1;0,-1
688;0,-1;0,-1
689;-1,-1;-1,-1
690;0,-1;0,-1
691;-1,-1;-1,-1
692;0,-1;0,-1
693;0,-1;0,-1
694;1,108817;1,100611
695;0,-1;0,-1
696;0,-1;0,-1
697;1,108803;1,100611
698;0,-1;0,-1
699;0,-1;0,-1
700;0,-1;0,-1
701;1,109425;1,100893
702;0,-1;0,-1
703;1,108802;1,100611
704;1,108801;1,100611
705;0,-1;0,-1
706;-1,-1;-1,-1
707;-1,-1;-1,-1
708;0,-1;0,-1
709;0,-1;0,-1
710;-1,-1;-1,-1
711;0,-1;1,102677
712;0,-1;0,-1
713;1,108922;1,100945
714;0,-1;0,-1
715;0,-1;0,-1
716;1,108802;1,100612
717;0,-1;0,-1
718;0,-1;0,-1
719;0,-1;0,-1
720;0,-1;0,-1
721;1,108809;1,100613
722;-1,-1;-1,-1
723;0,-1;0,-1
724;0,-1;0,-1
725;0,-1;0,-1
726;-1,-1;-1,-1
727;0,-1;0,-1
728;0,-1;0,-1
729;0,-1;0,-1
730;-1,-1;-1,-1
731;0,-1;0,-1
732;0,-1;0,-1
733;0,-1;0,-1
734;-1,-1;-1,-1
735;0,-1;0,-1
736;0,-1;0,-1
737;0,-1;0,-1
738;0,-1;0,-1
739;0,-1;0,-1
740;0,-1;0,-1
741;0,-1;0,-1
742;1,108801;1,100611
743;0,-1;0,-1
744;0,-1;0,-1
745;0,-1;0,-1
746;1,108802;1,100611
747;0,-1;0,-1
748;0,-1;0,-1
749;1,108802;1,100611
750;0,-1;0,-1
751;0,-1;0,-1
752;0,-1;0,-1
753;0,-1;0,-1
754;0,-1;0,-1
755;0,-1;0,-1
756;0,-1;0,-1
757;0,-1;0,-1
758;0,-1;0,-1
759;0,-1;0,-1
760;0,-1;0,-1
761;0,-1;0,-1
762;0,-1;0,-1
763;0,-1;0,-1
764;0,-1;0,-1
765;-1,-1;-1,-1
766;0,-1;0,-1
767;0,-1;0,-1
768;0,-1;0,-1
769;-1,-1;-1,-1
770;0,-1;0,-1
771;0,-1;0,-1
772;1,108801;1,100611
773;0,-1;0,-1
774;0,-1;1,102033
775;0,-1;0,-1
776;0,-1;0,-1
777;-1,-1;-1,-1
778;-1,-1;-1,-1
779;0,-1;0,-1
780;0,-1;0,-1
781;-1,-1;-1,-1
782;1,108803;1,100611
783;-1,-1;-1,-1
784;-1,-1;-1,-1
785;0,-1;0,-1
786;-1,-1;-1,-1
787;0,-1;0,-1
788;0,-1;0,-1
789;0,-1;0,-1
790;0,-1;0,-1
791;-1,-1;-1,-1
792;0,-1;0,-1
793;-1,-1;-1,-1
794;0,-1;0,-1
795;0,-1;0,-1
796;0,-1;0,-1
797;0,-1;0,-1
798;0,-1;0,-1
799;0,-1;0,-1
800;1,108801;1,100611
801;0,-1;0,-1
802;0,-1;0,-1
803;0,-1;0,-1
804;-1,-1;-1,-1
805;1,109122;0,-1
806;0,-1;0,-1
807;1,108801;1,100611
808;1,108801;1,100611
809;0,-1;0,-1
810;1,108801;1,100611
811;0,-1;0,-1
812;-1,-1;-1,-1
813;1,108801;1,100611
814;-1,-1;-1,-1
815;0,-1;0,-1
816;0,-1;0,-1
817;-1,-1;-1,-1
818;0,-1;0,-1
819;0,-1;0,-1
820;0,-1;0,-1
821;0,-1;0,-1
822;0,-1;0,-1
823;0,-1;0,-1
824;0,-1;0,-1
825;0,-1;0,-1
826;0,-1;0,-1
827;0,-1;0,-1
828;0,-1;0,-1
829;0,-1;0,-1
830;1,108810;1,100611
831;-1,-1;-1,-1
832;0,-1;0,-1
833;0,-1;0,-1
834;1,108802;1,100611
835;0,-1;0,-1
836;0,-1;0,-1
837;0,-1;0,-1
838;0,-1;0,-1
839;0,-1;0,-1
840;0,-1;0,-1
841;0,-1;0,-1
842;0,-1;0,-1
843;-1,-1;-1,-1
844;1,108809;1,100613
845;0,-1;0,-1
846;0,-1;0,-1
847;0,-1;0,-1
848;0,-1;0,-1
849;0,-1;0,-1
850;0,-1;0,-1
851;-1,-1;-1,-1
852;1,108808;1,100611
853;0,-1;0,-1
854;0,-1;0,-1
855;0,-1;0,-1
856;0,-1;0,-1
857;0,-1;0,-1
858;0,-1;0,-1
859;0,-1;0,-1
860;0,-1;0,-1
861;0,-1;0,-1
862;1,108802;1,100611
863;0,-1;0,-1
864;0,-1;0,-1
865;0,-1;0,-1
866;0,-1;0,-1
867;0,-1;0,-1
868;1,108802;1,100611
869;0,-1;0,-1
870;1,108802;1,100611
871;0,-1;0,-1
872;0,-1;0,-1
873;0,-1;0,-1
874;1,108801;1,100611
875;1,108808;1,100611
876;0,-1;0,-1
877;-1,-1;-1,-1
878;0,-1;0,-1
879;0,-1;0,-1
880;-1,-1;-1,-1
881;0,-1;0,-1
882;0,-1;0,-1
883;0,-1;0,-1
884;0,-1;0,-1
885;0,-1;0,-1
886;0,-1;0,-1
887;1,108801;1,100611
888;0,-1;0,-1
889;0,-1;0,-1
890;0,-1;0,-1
891;-1,-1;-1,-1
892;-1,-1;-1,-1
893;1,108801;1,100611
894;0,-1;0,-1
895;0,-1;0,-1
896;0,-1;0,-1
897;0,-1;0,-1
898;-1,-1;-1,-1
899;0,-1;0,-1
900;0,-1;0,-1
901;0,-1;0,-1
902;0,-1;0,-1
903;1,108801;1,100611
904;0,-1;0,-1
905;0,-1;0,-1
906;0,-1;0,-1
907;0,-1;0,-1
908;-1,-1;-1,-1
909;0,-1;0,-1
910;0,-1;0,-1
911;0,-1;0,-1
912;1,108801;1,100611
913;1,108802;1,100612
914;1,108801;1,100611
915;1,108802;1,100611
916;0,-1;0,-1
917;0,-1;0,-1
918;1,108803;1,100611
919;1,108802;1,100611
920;0,-1;0,-1
921;0,-1;0,-1
922;0,-1;0,-1
923;0,-1;0,-1
924;0,-1;0,-1
925;1,108802;1,100611
926;0,-1;0,-1
927;-1,-1;-1,-1
928;0,-1;0,-1
929;0,-1;0,-1
930;0,-1;0,-1
931;-1,-1;-1,-1
932;0,-1;0,-1
933;0,-1;0,-1
934;0,-1;0,-1
935;0,-1;0,-1
936;1,108829;1,102692
937;-1,-1;-1,-1
938;0,-1;0,-1
939;0,-1;0,-1
940;0,-1;0,-1
941;0,-1;0,-1
942;0,-1;0,-1
943;0,-1;0,-1
944;0,-1;0,-1
945;0,-1;0,-1
946;0,-1;0,-1
947;0,-1;0,-1
948;0,-1;0,-1
949;1,109299;1,101712
950;0,-1;0,-1
951;1,108801;1,100611
952;0,-1;0,-1
953;0,-1;0,-1
954;0,-1;0,-1
955;0,-1;0,-1
956;1,108810;1,100611
957;1,108801;1,100611
958;-1,-1;-1,-1
959;0,-1;0,-1
960;0,-1;0,-1
961;0,-1;0,-1
962;0,-1;0,-1
963;0,-1;0,-1
964;1,108801;1,100611
965;0,-1;0,-1
966;0,-1;0,-1
967;0,-1;0,-1
968;0,-1;0,-1
969;1,108802;1,100611
970;0,-1;0,-1
971;0,-1;0,-1
972;0,-1;0,-1
973;0,-1;0,-1
974;0,-1;0,-1
975;0,-1;0,-1
976;1,108805;1,100612
977;0,-1;0,-1
978;-1,-1;-1,-1
979;1,108801;1,100611
980;-1,-1;-1,-1
981;1,108801;1,100611
982;0,-1;0,-1
983;0,-1;0,-1
984;0,-1;0,-1
985;1,108802;1,100611
986;1,108801;1,100611
987;0,-1;0,-1
988;0,-1;0,-1
989;0,-1;0,-1
990;0,-1;0,-1
991;0,-1;0,-1
992;0,-1;0,-1
993;-1,-1;-1,-1
994;1,108801;1,100611
995;-1,-1;-1,-1
996;0,-1;0,-1
997;0,-1;0,-1
998;0,-1;0,-1
999;0,-1;0,-1
