4181,2095,2937
4183,2102,5850
4186,2106,8781
4187,2107,11735
4187,2107,14697
4187,2107,17701
4187,2107,20680
4187,2107,23676
4187,2107,26650
4187,2107,29595
4187,2107,32557
4187,2107,35512
4188,2109,38490
4188,2109,41476
4188,2109,44446
4188,2109,47423
4188,2109,50377
4188,2109,53322
4188,2109,56298
4188,2109,59253
4188,2109,62185
4188,2109,65139
4188,2109,68086
4188,2109,71035
4188,2109,74006
4188,2109,76934
4188,2109,79844
4188,2109,82810
4188,2109,85765
4188,2109,88747
4188,2109,91702
4188,2109,94628
4188,2109,97599
4188,2109,100554
4188,2109,103497
4188,2109,106472
4188,2109,109432
4188,2109,112397
4188,2109,115372
4188,2109,118361
4188,2109,121295
4188,2109,124244
4188,2109,127193
4188,2111,130151
4188,2111,133090
4188,2111,136033
4188,2111,138984
4189,2112,141943
4189,2112,144902
4189,2112,147898
4189,2112,150599
4189,2112,152888
4189,2112,155178
4189,2112,157455
4189,2112,159710
4189,2112,161953
4189,2112,164263
4189,2112,166543
4189,2112,168797
4189,2112,171083
4189,2112,173351
4189,2112,175631
4189,2112,177894
4191,2114,180170
4191,2114,182399
4191,2114,184923
4195,2117,188690
4195,2117,192578
4195,2117,196454
4195,2117,199936
4195,2117,202884
4195,2117,205851
4195,2117,208459
4195,2117,210952
4195,2117,213333
4195,2117,215555
4195,2117,217758
4195,2117,219931
4195,2117,222126
4195,2117,224325
4195,2117,226530
4195,2117,228749
4195,2117,230939
4195,2117,233157
4195,2117,235363
4195,2117,237539
4195,2117,239728
4195,2117,241924
4195,2117,244248
4195,2117,247212
