4181,2095,2937
4183,2102,5850
4186,2106,8781
4187,2107,11735
4187,2107,14697
4187,2107,17701
4187,2107,20680
4187,2107,23676
4187,2107,26650
4187,2107,29595
4187,2107,32557
4187,2107,35512
4188,2109,38490
4188,2109,41476
4188,2109,44446
4188,2109,47423
4188,2109,50377
4188,2109,53322
4188,2109,56298
4188,2109,59253
4188,2109,62185
4188,2109,65139
4188,2109,68086
4188,2109,71035
4188,2109,74006
4188,2109,76934
4188,2109,79844
4188,2109,82810
4188,2109,85765
4188,2109,88747
4188,2109,91702
4188,2109,94628
4188,2109,97599
4188,2109,100554
4188,2109,103497
4188,2109,106472
4188,2109,109432
4188,2109,112397
4188,2109,115372
4188,2109,118361
4188,2109,121295
4188,2109,124244
4188,2109,127193
4188,2111,130151
4188,2111,133090
