4189,2110,3513
4196,2118,7017
4196,2118,10553
4196,2119,14101
4198,2121,17586
4200,2122,21130
4200,2122,24680
4200,2122,28164
4202,2124,31676
4202,2124,35128
4202,2124,38636
4202,2124,42111
4202,2124,45558
4203,2125,49045
4203,2125,52505
4203,2125,55938
4203,2125,59397
4409,2237,62881
4409,2237,66369
4433,2251,69864
4433,2251,73391
4433,2251,76911
4433,2251,80376
4433,2251,83848
4433,2251,87325
4433,2251,90806
4433,2251,94279
4433,2251,97729
4433,2251,101163
4433,2251,104634
4433,2251,108060
4433,2251,111528
4433,2251,114967
4433,2251,118421
4434,2255,121822
4434,2255,125261
4434,2255,128763
4494,2289,132275
4494,2289,135738
4494,2289,139212
4494,2289,142657
4494,2289,146171
4494,2289,149618
4494,2289,153075
4502,2294,156540
4502,2294,160027
4509,2301,163492
4509,2301,166933
4509,2301,170406
4509,2301,173883
4509,2301,177308
4509,2301,180777
4509,2301,184207
4509,2301,187658
4509,2301,191121
4509,2301,194556
4509,2301,198014
4509,2301,201471
4509,2301,204923
4509,2301,208428
4509,2301,211868
4509,2301,215327
4509,2301,218769
4512,2306,222155
4512,2306,225607
4512,2306,229035
4512,2306,232497
4512,2306,235970
4512,2306,239430
4512,2306,242857
4512,2306,246250
4512,2306,249671
4512,2306,253139
4512,2306,256590
4512,2306,260015
4512,2306,263402
4512,2306,266809
4512,2306,270295
4512,2306,273707
4512,2306,277114
4512,2306,280532
4512,2306,283966
4512,2306,287426
4512,2306,290813
4512,2306,294283
4512,2306,297690
4512,2306,301108
4512,2306,304495
4512,2306,307924
4512,2306,311380
4512,2306,314801
4512,2306,318266
4512,2306,321710
4512,2306,325134
4512,2306,328523
4512,2306,331879
4512,2306,335324
4512,2306,338745
4512,2306,342177
4512,2306,345614
4512,2306,348962
4512,2306,352397
4512,2306,355806
4512,2306,359265
4512,2306,362702
4512,2306,366136
