4189,2110,3513
4196,2118,7017
4196,2118,10553
4196,2119,14101
4198,2121,17586
4200,2122,21130
4200,2122,24680
4200,2122,28164
4202,2124,31676
4202,2124,35128
4202,2124,38636
4202,2124,42111
4202,2124,45558
4203,2125,49045
4203,2125,52505
4203,2125,55938
4203,2125,59397
4409,2237,62881
4409,2237,66369
4433,2251,69864
4433,2251,73391
4433,2251,76911
4433,2251,80376
4433,2251,83848
4433,2251,87325
4433,2251,90806
4433,2251,94279
4433,2251,97729
4433,2251,101163
4433,2251,104634
4433,2251,108060
4433,2251,111528
4433,2251,114967
4433,2251,118421
4434,2255,121822
4434,2255,125261
4434,2255,128763
